# Density of states of a metal, from a density functional theory calculation.
# Energies are measured from the bottom of the conduction band; negative
# energies lie below it and are dropped on loading.
# energy (eV)   density of states (arbitrary units)
-4.99100000 0.00000000
-4.98100000 0.00000000
-4.97100000 0.00000000
-4.96100000 0.00000000
-4.95100000 0.00000000
-4.94100000 0.00000000
-4.93100000 0.00000000
-4.92100000 0.00000000
-4.91100000 0.00000000
-4.90100000 0.00000000
-4.89100000 0.00000000
-4.88100000 0.00000000
-4.87100000 0.00000000
-4.86100000 0.00000000
-4.85100000 0.00000000
-4.84100000 0.00000000
-4.83100000 0.00000000
-4.82100000 0.00000000
-4.81100000 0.00000000
-4.80100000 0.00000000
-4.79100000 0.00000000
-4.78100000 0.00000000
-4.77100000 0.00000000
-4.76100000 0.00000000
-4.75100000 0.00000000
-4.74100000 0.00000000
-4.73100000 0.00000000
-4.72100000 0.00000000
-4.71100000 0.00000000
-4.70100000 0.00000000
-4.69100000 0.00000000
-4.68100000 0.00000000
-4.67100000 0.00000000
-4.66100000 0.00000000
-4.65100000 0.00000000
-4.64100000 0.00000000
-4.63100000 0.00000000
-4.62100000 0.00000000
-4.61100000 0.00000000
-4.60100000 0.00000000
-4.59100000 0.00000000
-4.58100000 0.00000000
-4.57100000 0.00000000
-4.56100000 0.00000000
-4.55100000 0.00000000
-4.54100000 0.00000000
-4.53100000 0.00000000
-4.52100000 0.00000000
-4.51100000 0.00000000
-4.50100000 0.00000000
-4.49100000 0.00000000
-4.48100000 0.00000000
-4.47100000 0.00000000
-4.46100000 0.00000000
-4.45100000 0.00000000
-4.44100000 0.00000000
-4.43100000 0.00000000
-4.42100000 0.00000000
-4.41100000 0.00000000
-4.40100000 0.00000000
-4.39100000 0.00000000
-4.38100000 0.00000000
-4.37100000 0.00000000
-4.36100000 0.00000000
-4.35100000 0.00000000
-4.34100000 0.00000000
-4.33100000 0.00000000
-4.32100000 0.00000000
-4.31100000 0.00000000
-4.30100000 0.00000000
-4.29100000 0.00000000
-4.28100000 0.00000000
-4.27100000 0.00000000
-4.26100000 0.00000000
-4.25100000 0.00000000
-4.24100000 0.00000000
-4.23100000 0.00000000
-4.22100000 0.00000000
-4.21100000 0.00000000
-4.20100000 0.00000000
-4.19100000 0.00000000
-4.18100000 0.00000000
-4.17100000 0.00000000
-4.16100000 0.00000000
-4.15100000 0.00000000
-4.14100000 0.00000000
-4.13100000 0.00000000
-4.12100000 0.00000000
-4.11100000 0.00000000
-4.10100000 0.00000000
-4.09100000 0.00000000
-4.08100000 0.00000000
-4.07100000 0.00000000
-4.06100000 0.00000000
-4.05100000 0.00000000
-4.04100000 0.00000000
-4.03100000 0.00000000
-4.02100000 0.00000000
-4.01100000 0.00000000
-4.00100000 0.00000000
-3.99100000 0.00000000
-3.98100000 0.00000000
-3.97100000 0.00000000
-3.96100000 0.00000000
-3.95100000 0.00000000
-3.94100000 0.00000000
-3.93100000 0.00000000
-3.92100000 0.00000000
-3.91100000 0.00000000
-3.90100000 0.00000000
-3.89100000 0.00000000
-3.88100000 0.00000000
-3.87100000 0.00000000
-3.86100000 0.00000000
-3.85100000 0.00000000
-3.84100000 0.00000000
-3.83100000 0.00000000
-3.82100000 0.00000000
-3.81100000 0.00000000
-3.80100000 0.00000000
-3.79100000 0.00000000
-3.78100000 0.00000000
-3.77100000 0.00000000
-3.76100000 0.00000000
-3.75100000 0.00000000
-3.74100000 0.00000000
-3.73100000 0.00000000
-3.72100000 0.00000000
-3.71100000 0.00000000
-3.70100000 0.00000000
-3.69100000 0.00000000
-3.68100000 0.00000000
-3.67100000 0.00000000
-3.66100000 0.00000000
-3.65100000 0.00000000
-3.64100000 0.00000000
-3.63100000 0.00000000
-3.62100000 0.00000000
-3.61100000 0.00000000
-3.60100000 0.00000000
-3.59100000 0.00000000
-3.58100000 0.00000000
-3.57100000 0.00000000
-3.56100000 0.00000000
-3.55100000 0.00000000
-3.54100000 0.00000000
-3.53100000 0.00000000
-3.52100000 0.00000000
-3.51100000 0.00000000
-3.50100000 0.00000000
-3.49100000 0.00000000
-3.48100000 0.00000000
-3.47100000 0.00000000
-3.46100000 0.00000000
-3.45100000 0.00000000
-3.44100000 0.00000000
-3.43100000 0.00000000
-3.42100000 0.00000000
-3.41100000 0.00000000
-3.40100000 0.00000000
-3.39100000 0.00000000
-3.38100000 0.00000000
-3.37100000 0.00000000
-3.36100000 0.00000000
-3.35100000 0.00000000
-3.34100000 0.00000000
-3.33100000 0.00000000
-3.32100000 0.00000000
-3.31100000 0.00000000
-3.30100000 0.00000000
-3.29100000 0.00000000
-3.28100000 0.00000000
-3.27100000 0.00000000
-3.26100000 0.00000000
-3.25100000 0.00000000
-3.24100000 0.00000000
-3.23100000 0.00000000
-3.22100000 0.00000000
-3.21100000 0.00000000
-3.20100000 0.00000000
-3.19100000 0.00000000
-3.18100000 0.00000000
-3.17100000 0.00000000
-3.16100000 0.00000000
-3.15100000 0.00000000
-3.14100000 0.00000000
-3.13100000 0.00000000
-3.12100000 0.00000000
-3.11100000 0.00000000
-3.10100000 0.00000000
-3.09100000 0.00000000
-3.08100000 0.00000000
-3.07100000 0.00000000
-3.06100000 0.00000000
-3.05100000 0.00000000
-3.04100000 0.00000000
-3.03100000 0.00000000
-3.02100000 0.00000000
-3.01100000 0.00000000
-3.00100000 0.00000000
-2.99100000 0.00000000
-2.98100000 0.00000000
-2.97100000 0.00000000
-2.96100000 0.00000000
-2.95100000 0.00000000
-2.94100000 0.00000000
-2.93100000 0.00000000
-2.92100000 0.00000000
-2.91100000 0.00000000
-2.90100000 0.00000000
-2.89100000 0.00000000
-2.88100000 0.00000000
-2.87100000 0.00000000
-2.86100000 0.00000000
-2.85100000 0.00000000
-2.84100000 0.00000000
-2.83100000 0.00000000
-2.82100000 0.00000000
-2.81100000 0.00000000
-2.80100000 0.00000000
-2.79100000 0.00000000
-2.78100000 0.00000000
-2.77100000 0.00000000
-2.76100000 0.00000000
-2.75100000 0.00000000
-2.74100000 0.00000000
-2.73100000 0.00000000
-2.72100000 0.00000000
-2.71100000 0.00000000
-2.70100000 0.00000000
-2.69100000 0.00000000
-2.68100000 0.00000000
-2.67100000 0.00000000
-2.66100000 0.00000000
-2.65100000 0.00000000
-2.64100000 0.00000000
-2.63100000 0.00000000
-2.62100000 0.00000000
-2.61100000 0.00000000
-2.60100000 0.00000000
-2.59100000 0.00000000
-2.58100000 0.00000000
-2.57100000 0.00000000
-2.56100000 0.00000000
-2.55100000 0.00000000
-2.54100000 0.00000000
-2.53100000 0.00000000
-2.52100000 0.00000000
-2.51100000 0.00000000
-2.50100000 0.00000000
-2.49100000 0.00000000
-2.48100000 0.00000000
-2.47100000 0.00000000
-2.46100000 0.00000000
-2.45100000 0.00000000
-2.44100000 0.00000000
-2.43100000 0.00000000
-2.42100000 0.00000000
-2.41100000 0.00000000
-2.40100000 0.00000000
-2.39100000 0.00000000
-2.38100000 0.00000000
-2.37100000 0.00000000
-2.36100000 0.00000000
-2.35100000 0.00000000
-2.34100000 0.00000000
-2.33100000 0.00000000
-2.32100000 0.00000000
-2.31100000 0.00000000
-2.30100000 0.00000000
-2.29100000 0.00000000
-2.28100000 0.00000000
-2.27100000 0.00000000
-2.26100000 0.00000000
-2.25100000 0.00000000
-2.24100000 0.00000000
-2.23100000 0.00000000
-2.22100000 0.00000000
-2.21100000 0.00000000
-2.20100000 0.00000000
-2.19100000 0.00000000
-2.18100000 0.00000000
-2.17100000 0.00000000
-2.16100000 0.00000000
-2.15100000 0.00000000
-2.14100000 0.00000000
-2.13100000 0.00000000
-2.12100000 0.00000000
-2.11100000 0.00000000
-2.10100000 0.00000000
-2.09100000 0.00000000
-2.08100000 0.00000000
-2.07100000 0.00000000
-2.06100000 0.00000000
-2.05100000 0.00000000
-2.04100000 0.00000000
-2.03100000 0.00000000
-2.02100000 0.00000000
-2.01100000 0.00000000
-2.00100000 0.00000000
-1.99100000 0.00000000
-1.98100000 0.00000000
-1.97100000 0.00000000
-1.96100000 0.00000000
-1.95100000 0.00000000
-1.94100000 0.00000000
-1.93100000 0.00000000
-1.92100000 0.00000000
-1.91100000 0.00000000
-1.90100000 0.00000000
-1.89100000 0.00000000
-1.88100000 0.00000000
-1.87100000 0.00000000
-1.86100000 0.00000000
-1.85100000 0.00000000
-1.84100000 0.00000000
-1.83100000 0.00000000
-1.82100000 0.00000000
-1.81100000 0.00000000
-1.80100000 0.00000000
-1.79100000 0.00000000
-1.78100000 0.00000000
-1.77100000 0.00000000
-1.76100000 0.00000000
-1.75100000 0.00000000
-1.74100000 0.00000000
-1.73100000 0.00000000
-1.72100000 0.00000000
-1.71100000 0.00000000
-1.70100000 0.00000000
-1.69100000 0.00000000
-1.68100000 0.00000000
-1.67100000 0.00000000
-1.66100000 0.00000000
-1.65100000 0.00000000
-1.64100000 0.00000000
-1.63100000 0.00000000
-1.62100000 0.00000000
-1.61100000 0.00000000
-1.60100000 0.00000000
-1.59100000 0.00000000
-1.58100000 0.00000000
-1.57100000 0.00000000
-1.56100000 0.00000000
-1.55100000 0.00000000
-1.54100000 0.00000000
-1.53100000 0.00000000
-1.52100000 0.00000000
-1.51100000 0.00000000
-1.50100000 0.00000000
-1.49100000 0.00000000
-1.48100000 0.00000000
-1.47100000 0.00000000
-1.46100000 0.00000000
-1.45100000 0.00000000
-1.44100000 0.00000000
-1.43100000 0.00000000
-1.42100000 0.00000000
-1.41100000 0.00000000
-1.40100000 0.00000000
-1.39100000 0.00000000
-1.38100000 0.00000000
-1.37100000 0.00000000
-1.36100000 0.00000000
-1.35100000 0.00000000
-1.34100000 0.00000000
-1.33100000 0.00000000
-1.32100000 0.00000000
-1.31100000 0.00000000
-1.30100000 0.00000000
-1.29100000 0.00000000
-1.28100000 0.00000000
-1.27100000 0.00000000
-1.26100000 0.00000000
-1.25100000 0.00000000
-1.24100000 0.00000000
-1.23100000 0.00000000
-1.22100000 0.00000000
-1.21100000 0.00000000
-1.20100000 0.00000000
-1.19100000 0.00000000
-1.18100000 0.00000000
-1.17100000 0.00000000
-1.16100000 0.00000000
-1.15100000 0.00000000
-1.14100000 0.00000000
-1.13100000 0.00000000
-1.12100000 0.00000000
-1.11100000 0.00000000
-1.10100000 0.00000000
-1.09100000 0.00000000
-1.08100000 0.00000000
-1.07100000 0.00000000
-1.06100000 0.00000000
-1.05100000 0.00000000
-1.04100000 0.00000000
-1.03100000 0.00000000
-1.02100000 0.00000000
-1.01100000 0.00000000
-1.00100000 0.00000000
-0.99100000 0.00000000
-0.98100000 0.00000000
-0.97100000 0.00000000
-0.96100000 0.00000000
-0.95100000 0.00000000
-0.94100000 0.00000000
-0.93100000 0.00000000
-0.92100000 0.00000000
-0.91100000 0.00000000
-0.90100000 0.00000000
-0.89100000 0.00000000
-0.88100000 0.00000000
-0.87100000 0.00000000
-0.86100000 0.00000000
-0.85100000 0.00000000
-0.84100000 0.00000000
-0.83100000 0.00000000
-0.82100000 0.00000000
-0.81100000 0.00000000
-0.80100000 0.00000000
-0.79100000 0.00000000
-0.78100000 0.00000000
-0.77100000 0.00000000
-0.76100000 0.00000000
-0.75100000 0.00000000
-0.74100000 0.00000000
-0.73100000 0.00000000
-0.72100000 0.00000000
-0.71100000 0.00000000
-0.70100000 0.00000000
-0.69100000 0.00000000
-0.68100000 0.00000000
-0.67100000 0.00000000
-0.66100000 0.00000000
-0.65100000 0.00000000
-0.64100000 0.00000000
-0.63100000 0.00000000
-0.62100000 0.00000000
-0.61100000 0.00000000
-0.60100000 0.00000000
-0.59100000 0.00000000
-0.58100000 0.00000000
-0.57100000 0.00000000
-0.56100000 0.00000000
-0.55100000 0.00000000
-0.54100000 0.00000000
-0.53100000 0.00000000
-0.52100000 0.00000000
-0.51100000 0.00000000
-0.50100000 0.00000000
-0.49100000 0.00000000
-0.48100000 0.00000000
-0.47100000 0.00000000
-0.46100000 0.00000000
-0.45100000 0.00000000
-0.44100000 0.00000000
-0.43100000 0.00000000
-0.42100000 0.00000000
-0.41100000 0.00000000
-0.40100000 0.00000000
-0.39100000 0.00000000
-0.38100000 0.00000000
-0.37100000 0.00000000
-0.36100000 0.00000000
-0.35100000 0.00000000
-0.34100000 0.00000000
-0.33100000 0.00000000
-0.32100000 0.00000000
-0.31100000 0.00000000
-0.30100000 0.00000000
-0.29100000 0.00000000
-0.28100000 0.00000000
-0.27100000 0.00000000
-0.26100000 0.00000000
-0.25100000 0.00000000
-0.24100000 0.00000000
-0.23100000 0.00000000
-0.22100000 0.00000000
-0.21100000 0.00000000
-0.20100000 0.00000000
-0.19100000 0.00000000
-0.18100000 0.00000000
-0.17100000 0.00000000
-0.16100000 0.00000000
-0.15100000 0.00000000
-0.14100000 0.00000000
-0.13100000 0.00000000
-0.12100000 0.00000000
-0.11100000 0.00000000
-0.10100000 0.00000000
-0.09100000 0.00000000
-0.08100000 0.00000000
-0.07100000 0.00000000
-0.06100000 0.00000000
-0.05100000 0.00000000
-0.04100000 0.00000000
-0.03100000 0.00000000
-0.02100000 0.00000000
-0.01100000 0.00000000
-0.00100000 0.00000000
0.00900000 0.00000000
0.01900000 0.00000000
0.02900000 0.00000000
0.03900000 0.00000000
0.04900000 0.00000000
0.05900000 0.00000000
0.06900000 0.00000000
0.07900000 0.00000000
0.08900000 0.00000000
0.09900000 0.00000000
0.10900000 0.00000000
0.11900000 0.00000000
0.12900000 0.00000000
0.13900000 0.00000000
0.14900000 0.00000000
0.15900000 0.00000000
0.16900000 0.00000000
0.17900000 0.00000000
0.18900000 0.00000000
0.19900000 0.00000000
0.20900000 0.00000000
0.21900000 0.00000000
0.22900000 0.00000000
0.23900000 0.00000000
0.24900000 0.00000000
0.25900000 0.00000000
0.26900000 0.00000000
0.27900000 0.00000000
0.28900000 0.00000000
0.29900000 0.00000000
0.30900000 0.00000000
0.31900000 0.00000000
0.32900000 0.00000000
0.33900000 0.00000000
0.34900000 0.00000000
0.35900000 0.00000000
0.36900000 0.00000000
0.37900000 0.00000000
0.38900000 0.00000000
0.39900000 0.00000000
0.40900000 0.00000000
0.41900000 0.00000000
0.42900000 0.00000000
0.43900000 0.00000000
0.44900000 0.00000000
0.45900000 0.00000000
0.46900000 0.00000000
0.47900000 0.00000000
0.48900000 0.00000000
0.49900000 0.00000000
0.50900000 0.00000000
0.51900000 0.00000000
0.52900000 0.00000000
0.53900000 0.00000000
0.54900000 0.00000000
0.55900000 0.00000001
0.56900000 0.00000004
0.57900000 0.00000013
0.58900000 0.00000036
0.59900000 0.00000088
0.60900000 0.00000197
0.61900000 0.00000398
0.62900000 0.00000729
0.63900000 0.00001218
0.64900000 0.00001875
0.65900000 0.00002654
0.66900000 0.00003497
0.67900000 0.00004362
0.68900000 0.00005205
0.69900000 0.00006107
0.70900000 0.00007213
0.71900000 0.00008742
0.72900000 0.00010924
0.73900000 0.00013853
0.74900000 0.00017382
0.75900000 0.00021255
0.76900000 0.00025010
0.77900000 0.00028180
0.78900000 0.00030616
0.79900000 0.00032326
0.80900000 0.00033443
0.81900000 0.00034333
0.82900000 0.00035450
0.83900000 0.00036917
0.84900000 0.00038864
0.85900000 0.00041754
0.86900000 0.00045962
0.87900000 0.00052081
0.88900000 0.00060482
0.89900000 0.00070828
0.90900000 0.00082169
0.91900000 0.00092926
0.92900000 0.00101652
0.93900000 0.00107257
0.94900000 0.00109665
0.95900000 0.00109846
0.96900000 0.00109186
0.97900000 0.00109196
0.98900000 0.00110301
0.99900000 0.00112090
1.00900000 0.00114189
1.01900000 0.00115860
1.02900000 0.00118121
1.03900000 0.00121846
1.04900000 0.00130045
1.05900000 0.00141971
1.06900000 0.00158584
1.07900000 0.00176527
1.08900000 0.00196492
1.09900000 0.00213289
1.10900000 0.00228747
1.11900000 0.00243033
1.12900000 0.00255243
1.13900000 0.00266392
1.14900000 0.00276256
1.15900000 0.00283705
1.16900000 0.00285153
1.17900000 0.00281666
1.18900000 0.00274282
1.19900000 0.00263761
1.20900000 0.00256468
1.21900000 0.00254314
1.22900000 0.00259386
1.23900000 0.00269395
1.24900000 0.00282924
1.25900000 0.00295392
1.26900000 0.00305257
1.27900000 0.00314852
1.28900000 0.00328795
1.29900000 0.00349588
1.30900000 0.00380898
1.31900000 0.00418257
1.32900000 0.00455675
1.33900000 0.00488465
1.34900000 0.00509708
1.35900000 0.00521686
1.36900000 0.00528082
1.37900000 0.00534687
1.38900000 0.00545158
1.39900000 0.00558018
1.40900000 0.00567369
1.41900000 0.00572615
1.42900000 0.00570539
1.43900000 0.00564629
1.44900000 0.00559910
1.45900000 0.00558750
1.46900000 0.00559979
1.47900000 0.00556906
1.48900000 0.00547686
1.49900000 0.00532621
1.50900000 0.00517749
1.51900000 0.00513610
1.52900000 0.00528475
1.53900000 0.00565894
1.54900000 0.00619930
1.55900000 0.00681750
1.56900000 0.00741836
1.57900000 0.00794026
1.58900000 0.00833890
1.59900000 0.00863816
1.60900000 0.00885649
1.61900000 0.00902089
1.62900000 0.00917645
1.63900000 0.00932650
1.64900000 0.00948062
1.65900000 0.00965412
1.66900000 0.00982228
1.67900000 0.00998408
1.68900000 0.01011481
1.69900000 0.01021143
1.70900000 0.01025398
1.71900000 0.01023105
1.72900000 0.01015353
1.73900000 0.01003836
1.74900000 0.00992438
1.75900000 0.00987373
1.76900000 0.00991720
1.77900000 0.01004495
1.78900000 0.01017736
1.79900000 0.01022901
1.80900000 0.01013533
1.81900000 0.00990119
1.82900000 0.00961905
1.83900000 0.00946568
1.84900000 0.00958218
1.85900000 0.01008461
1.86900000 0.01097192
1.87900000 0.01220456
1.88900000 0.01349538
1.89900000 0.01476908
1.90900000 0.01580161
1.91900000 0.01636750
1.92900000 0.01656593
1.93900000 0.01641725
1.94900000 0.01593103
1.95900000 0.01554851
1.96900000 0.01519853
1.97900000 0.01499943
1.98900000 0.01514376
1.99900000 0.01553084
2.00900000 0.01604362
2.01900000 0.01666668
2.02900000 0.01716712
2.03900000 0.01742880
2.04900000 0.01734520
2.05900000 0.01711860
2.06900000 0.01667110
2.07900000 0.01633240
2.08900000 0.01622010
2.09900000 0.01622860
2.10900000 0.01634320
2.11900000 0.01645930
2.12900000 0.01647460
2.13900000 0.01637570
2.14900000 0.01626070
2.15900000 0.01605020
2.16900000 0.01604210
2.17900000 0.01615500
2.18900000 0.01651900
2.19900000 0.01722040
2.20900000 0.01826320
2.21900000 0.01944700
2.22900000 0.02071640
2.23900000 0.02187110
2.24900000 0.02290070
2.25900000 0.02370830
2.26900000 0.02451630
2.27900000 0.02511240
2.28900000 0.02568290
2.29900000 0.02601300
2.30900000 0.02597840
2.31900000 0.02571850
2.32900000 0.02523720
2.33900000 0.02477450
2.34900000 0.02432810
2.35900000 0.02390650
2.36900000 0.02360150
2.37900000 0.02352410
2.38900000 0.02381050
2.39900000 0.02448740
2.40900000 0.02562340
2.41900000 0.02677220
2.42900000 0.02766200
2.43900000 0.02785270
2.44900000 0.02740720
2.45900000 0.02648370
2.46900000 0.02551600
2.47900000 0.02477440
2.48900000 0.02437140
2.49900000 0.02431500
2.50900000 0.02418430
2.51900000 0.02417290
2.52900000 0.02408490
2.53900000 0.02402100
2.54900000 0.02430240
2.55900000 0.02495410
2.56900000 0.02618130
2.57900000 0.02798590
2.58900000 0.03023370
2.59900000 0.03268930
2.60900000 0.03475210
2.61900000 0.03618070
2.62900000 0.03667530
2.63900000 0.03632330
2.64900000 0.03564530
2.65900000 0.03488780
2.66900000 0.03474500
2.67900000 0.03522970
2.68900000 0.03622160
2.69900000 0.03746730
2.70900000 0.03846670
2.71900000 0.03889780
2.72900000 0.03860900
2.73900000 0.03775860
2.74900000 0.03675280
2.75900000 0.03586360
2.76900000 0.03531610
2.77900000 0.03526810
2.78900000 0.03578770
2.79900000 0.03670960
2.80900000 0.03797950
2.81900000 0.03913470
2.82900000 0.03991340
2.83900000 0.04008710
2.84900000 0.03937880
2.85900000 0.03818130
2.86900000 0.03677250
2.87900000 0.03558370
2.88900000 0.03489950
2.89900000 0.03477010
2.90900000 0.03477630
2.91900000 0.03514880
2.92900000 0.03566830
2.93900000 0.03659480
2.94900000 0.03802270
2.95900000 0.03983640
2.96900000 0.04194170
2.97900000 0.04400610
2.98900000 0.04592730
2.99900000 0.04773280
3.00900000 0.04922730
3.01900000 0.05023790
3.02900000 0.05085110
3.03900000 0.05097540
3.04900000 0.05084880
3.05900000 0.05068300
3.06900000 0.05075790
3.07900000 0.05124110
3.08900000 0.05215080
3.09900000 0.05333690
3.10900000 0.05448960
3.11900000 0.05528700
3.12900000 0.05540700
3.13900000 0.05471400
3.14900000 0.05356900
3.15900000 0.05218900
3.16900000 0.05128400
3.17900000 0.05115500
3.18900000 0.05196400
3.19900000 0.05337700
3.20900000 0.05455500
3.21900000 0.05511800
3.22900000 0.05485800
3.23900000 0.05378400
3.24900000 0.05254300
3.25900000 0.05133800
3.26900000 0.05067400
3.27900000 0.05060600
3.28900000 0.05093500
3.29900000 0.05159400
3.30900000 0.05246200
3.31900000 0.05324700
3.32900000 0.05399200
3.33900000 0.05471700
3.34900000 0.05527400
3.35900000 0.05570300
3.36900000 0.05617700
3.37900000 0.05710900
3.38900000 0.05870100
3.39900000 0.06103200
3.40900000 0.06385900
3.41900000 0.06680800
3.42900000 0.06940500
3.43900000 0.07136000
3.44900000 0.07253500
3.45900000 0.07303500
3.46900000 0.07339500
3.47900000 0.07376200
3.48900000 0.07460700
3.49900000 0.07586700
3.50900000 0.07717800
3.51900000 0.07800700
3.52900000 0.07781300
3.53900000 0.07638300
3.54900000 0.07411000
3.55900000 0.07174100
3.56900000 0.06983600
3.57900000 0.06924000
3.58900000 0.07003300
3.59900000 0.07216400
3.60900000 0.07488900
3.61900000 0.07752300
3.62900000 0.07894400
3.63900000 0.07896800
3.64900000 0.07752600
3.65900000 0.07531700
3.66900000 0.07288900
3.67900000 0.07104500
3.68900000 0.07015000
3.69900000 0.07019900
3.70900000 0.07111600
3.71900000 0.07236000
3.72900000 0.07356400
3.73900000 0.07452100
3.74900000 0.07520000
3.75900000 0.07594800
3.76900000 0.07714500
3.77900000 0.07880700
3.78900000 0.08082900
3.79900000 0.08296100
3.80900000 0.08491800
3.81900000 0.08684300
3.82900000 0.08914400
3.83900000 0.09214900
3.84900000 0.09585800
3.85900000 0.09999000
3.86900000 0.10381300
3.87900000 0.10670700
3.88900000 0.10834000
3.89900000 0.10863400
3.90900000 0.10766300
3.91900000 0.10594800
3.92900000 0.10375100
3.93900000 0.10184800
3.94900000 0.10066000
3.95900000 0.10060300
3.96900000 0.10159300
3.97900000 0.10321400
3.98900000 0.10493200
3.99900000 0.10616700
4.00900000 0.10672300
4.01900000 0.10666700
4.02900000 0.10661400
4.03900000 0.10690600
4.04900000 0.10797200
4.05900000 0.10968900
4.06900000 0.11175500
4.07900000 0.11366300
4.08900000 0.11489300
4.09900000 0.11518900
4.10900000 0.11454900
4.11900000 0.11306300
4.12900000 0.11090000
4.13900000 0.10879800
4.14900000 0.10673100
4.15900000 0.10570500
4.16900000 0.10534400
4.17900000 0.10594300
4.18900000 0.10743000
4.19900000 0.10978000
4.20900000 0.11396600
4.21900000 0.11968700
4.22900000 0.12726200
4.23900000 0.13589000
4.24900000 0.14477700
4.25900000 0.15299100
4.26900000 0.16098700
4.27900000 0.16776800
4.28900000 0.17438000
4.29900000 0.17995000
4.30900000 0.18542000
4.31900000 0.18976000
4.32900000 0.19182000
4.33900000 0.19119000
4.34900000 0.18837000
4.35900000 0.18290000
4.36900000 0.17648000
4.37900000 0.17044000
4.38900000 0.16603000
4.39900000 0.16358000
4.40900000 0.16258000
4.41900000 0.16330000
4.42900000 0.16480000
4.43900000 0.16621000
4.44900000 0.16669000
4.45900000 0.16605000
4.46900000 0.16438000
4.47900000 0.16249000
4.48900000 0.16122000
4.49900000 0.16089000
4.50900000 0.16180000
4.51900000 0.16329000
4.52900000 0.16557000
4.53900000 0.16814000
4.54900000 0.17096000
4.55900000 0.17473000
4.56900000 0.17964000
4.57900000 0.18615000
4.58900000 0.19493000
4.59900000 0.20593000
4.60900000 0.21817000
4.61900000 0.23225000
4.62900000 0.24718000
4.63900000 0.25962000
4.64900000 0.26922000
4.65900000 0.27466000
4.66900000 0.27646000
4.67900000 0.27377000
4.68900000 0.26867000
4.69900000 0.26195000
4.70900000 0.25496000
4.71900000 0.24739000
4.72900000 0.24011000
4.73900000 0.23346000
4.74900000 0.22695000
4.75900000 0.22155000
4.76900000 0.21842000
4.77900000 0.21709000
4.78900000 0.21796000
4.79900000 0.22057000
4.80900000 0.22336000
4.81900000 0.22587000
4.82900000 0.22748000
4.83900000 0.22590000
4.84900000 0.22303000
4.85900000 0.21976000
4.86900000 0.21824000
4.87900000 0.22013000
4.88900000 0.22469000
4.89900000 0.23280000
4.90900000 0.24398000
4.91900000 0.25589000
4.92900000 0.26985000
4.93900000 0.28441000
4.94900000 0.30014000
4.95900000 0.31463000
4.96900000 0.32797000
4.97900000 0.33718000
4.98900000 0.34270000
4.99900000 0.34140000
5.00900000 0.33531000
5.01900000 0.32470000
5.02900000 0.31177000
5.03900000 0.29963000
5.04900000 0.28847000
5.05900000 0.28020000
5.06900000 0.27520000
5.07900000 0.27325000
5.08900000 0.27201000
5.09900000 0.27196000
5.10900000 0.27057000
5.11900000 0.26776000
5.12900000 0.26629000
5.13900000 0.26655000
5.14900000 0.26808000
5.15900000 0.27115000
5.16900000 0.27587000
5.17900000 0.28050000
5.18900000 0.28687000
5.19900000 0.29295000
5.20900000 0.30156000
5.21900000 0.31001000
5.22900000 0.32019000
5.23900000 0.33099000
5.24900000 0.34304000
5.25900000 0.35413000
5.26900000 0.36476000
5.27900000 0.37278000
5.28900000 0.37884000
5.29900000 0.37981000
5.30900000 0.37644000
5.31900000 0.37052000
5.32900000 0.36116000
5.33900000 0.35169000
5.34900000 0.34125000
5.35900000 0.33304000
5.36900000 0.32617000
5.37900000 0.32146000
5.38900000 0.31797000
5.39900000 0.31421000
5.40900000 0.31123000
5.41900000 0.30725000
5.42900000 0.30407000
5.43900000 0.30026000
5.44900000 0.29760000
5.45900000 0.29604000
5.46900000 0.29712000
5.47900000 0.29947000
5.48900000 0.30484000
5.49900000 0.31215000
5.50900000 0.32251000
5.51900000 0.33574000
5.52900000 0.35273000
5.53900000 0.37138000
5.54900000 0.38841000
5.55900000 0.40137000
5.56900000 0.40778000
5.57900000 0.40579000
5.58900000 0.39765000
5.59900000 0.38443000
5.60900000 0.36884000
5.61900000 0.35289000
5.62900000 0.33846000
5.63900000 0.32507000
5.64900000 0.31423000
5.65900000 0.30227000
5.66900000 0.29269000
5.67900000 0.28271000
5.68900000 0.27436000
5.69900000 0.26955000
5.70900000 0.26759000
5.71900000 0.26953000
5.72900000 0.27333000
5.73900000 0.27822000
5.74900000 0.28302000
5.75900000 0.28753000
5.76900000 0.29102000
5.77900000 0.29336000
5.78900000 0.29424000
5.79900000 0.29288000
5.80900000 0.29159000
5.81900000 0.29101000
5.82900000 0.29268000
5.83900000 0.29663000
5.84900000 0.30283000
5.85900000 0.31067000
5.86900000 0.31751000
5.87900000 0.32430000
5.88900000 0.33030000
5.89900000 0.33880000
5.90900000 0.35264000
5.91900000 0.37535000
5.92900000 0.41218000
5.93900000 0.46401000
5.94900000 0.52855000
5.95900000 0.60381000
5.96900000 0.68286000
5.97900000 0.75628000
5.98900000 0.81710000
5.99900000 0.86298000
6.00900000 0.89361000
6.01900000 0.91586000
6.02900000 0.93176000
6.03900000 0.95136000
6.04900000 0.97640000
6.05900000 1.00971000
6.06900000 1.05442000
6.07900000 1.10854000
6.08900000 1.17770000
6.09900000 1.25954000
6.10900000 1.36194000
6.11900000 1.48165000
6.12900000 1.61467000
6.13900000 1.75046000
6.14900000 1.86980000
6.15900000 1.95208000
6.16900000 1.98888000
6.17900000 1.97863000
6.18900000 1.92856000
6.19900000 1.85455000
6.20900000 1.77187000
6.21900000 1.69140000
6.22900000 1.62310000
6.23900000 1.56787000
6.24900000 1.52342000
6.25900000 1.48853000
6.26900000 1.45343000
6.27900000 1.41192000
6.28900000 1.36132000
6.29900000 1.30351000
6.30900000 1.23867000
6.31900000 1.17339000
6.32900000 1.11290000
6.33900000 1.05988000
6.34900000 1.01185000
6.35900000 0.96601000
6.36900000 0.92228000
6.37900000 0.87766000
6.38900000 0.83078000
6.39900000 0.78598000
6.40900000 0.74545000
6.41900000 0.71123000
6.42900000 0.68557000
6.43900000 0.66861000
6.44900000 0.66109000
6.45900000 0.65938000
6.46900000 0.65893000
6.47900000 0.65707000
6.48900000 0.65040000
6.49900000 0.63710000
6.50900000 0.61603000
6.51900000 0.59271000
6.52900000 0.56712000
6.53900000 0.54656000
6.54900000 0.52908000
6.55900000 0.51769000
6.56900000 0.51506000
6.57900000 0.51607000
6.58900000 0.52451000
6.59900000 0.53545000
6.60900000 0.54544000
6.61900000 0.55096000
6.62900000 0.54768000
6.63900000 0.53635000
6.64900000 0.51823000
6.65900000 0.49704000
6.66900000 0.47741000
6.67900000 0.46168000
6.68900000 0.44769000
6.69900000 0.43628000
6.70900000 0.42824200
6.71900000 0.41819000
6.72900000 0.41031200
6.73900000 0.40409700
6.74900000 0.39782600
6.75900000 0.39417900
6.76900000 0.39053800
6.77900000 0.38438800
6.78900000 0.37933300
6.79900000 0.37297200
6.80900000 0.36779200
6.81900000 0.36404000
6.82900000 0.36310100
6.83900000 0.36337500
6.84900000 0.36458000
6.85900000 0.36559000
6.86900000 0.36572100
6.87900000 0.36374700
6.88900000 0.35997000
6.89900000 0.35468900
6.90900000 0.35032800
6.91900000 0.34864700
6.92900000 0.35239000
6.93900000 0.36225800
6.94900000 0.37814900
6.95900000 0.39824300
6.96900000 0.42013900
6.97900000 0.44133900
6.98900000 0.45920400
6.99900000 0.47327600
7.00900000 0.48323700
7.01900000 0.49080400
7.02900000 0.49589600
7.03900000 0.50032400
7.04900000 0.50494400
7.05900000 0.50954900
7.06900000 0.51574000
7.07900000 0.52270000
7.08900000 0.53263400
7.09900000 0.54259200
7.10900000 0.55657700
7.11900000 0.57099200
7.12900000 0.58521800
7.13900000 0.60133200
7.14900000 0.61533600
7.15900000 0.63244400
7.16900000 0.65035500
7.17900000 0.67270300
7.18900000 0.69224300
7.19900000 0.71361400
7.20900000 0.73389900
7.21900000 0.75229900
7.22900000 0.76767900
7.23900000 0.77522300
7.24900000 0.77655100
7.25900000 0.77170000
7.26900000 0.76062900
7.27900000 0.75041700
7.28900000 0.74320400
7.29900000 0.74613300
7.30900000 0.76316600
7.31900000 0.79448800
7.32900000 0.84497800
7.33900000 0.91367700
7.34900000 0.99763900
7.35900000 1.09596000
7.36900000 1.19647500
7.37900000 1.28816200
7.38900000 1.36572200
7.39900000 1.42335900
7.40900000 1.46688100
7.41900000 1.49653000
7.42900000 1.51836600
7.43900000 1.53232900
7.44900000 1.53906900
7.45900000 1.53334700
7.46900000 1.51497800
7.47900000 1.49112400
7.48900000 1.45982600
7.49900000 1.42246400
7.50900000 1.37793800
7.51900000 1.32543000
7.52900000 1.26463500
7.53900000 1.20359400
7.54900000 1.14539100
7.55900000 1.09402500
7.56900000 1.05696100
7.57900000 1.02837900
7.58900000 1.01236100
7.59900000 1.00625000
7.60900000 1.01192800
7.61900000 1.02513200
7.62900000 1.04872400
7.63900000 1.08235900
7.64900000 1.12021500
7.65900000 1.15902800
7.66900000 1.19379700
7.67900000 1.22140100
7.68900000 1.24396200
7.69900000 1.26119900
7.70900000 1.27301300
7.71900000 1.27834200
7.72900000 1.27502800
7.73900000 1.26180800
7.74900000 1.23976400
7.75900000 1.21210200
7.76900000 1.19350300
7.77900000 1.18753000
7.78900000 1.21070500
7.79900000 1.25408500
7.80900000 1.31043000
7.81900000 1.36635400
7.82900000 1.40817700
7.83900000 1.42509400
7.84900000 1.41776700
7.85900000 1.39323800
7.86900000 1.35876900
7.87900000 1.32892100
7.88900000 1.30349500
7.89900000 1.28889000
7.90900000 1.28022500
7.91900000 1.27415900
7.92900000 1.26631300
7.93900000 1.25926400
7.94900000 1.24881300
7.95900000 1.23510200
7.96900000 1.21931300
7.97900000 1.20284500
7.98900000 1.19090000
7.99900000 1.18847900
8.00900000 1.19838300
8.01900000 1.21883100
8.02900000 1.24650300
8.03900000 1.27747600
8.04900000 1.30444900
8.05900000 1.32109700
8.06900000 1.32190000
8.07900000 1.31083800
8.08900000 1.29375200
8.09900000 1.27366600
8.10900000 1.25858100
8.11900000 1.25052200
8.12900000 1.24850800
8.13900000 1.25249500
8.14900000 1.25848300
8.15900000 1.26050900
8.16900000 1.26551200
8.17900000 1.26751200
8.18900000 1.27053000
8.19900000 1.27050900
8.20900000 1.26749000
8.21900000 1.25845200
8.22900000 1.24739800
8.23900000 1.23936600
8.24900000 1.23537600
8.25900000 1.24343000
8.26900000 1.26354700
8.27900000 1.29670900
8.28900000 1.33491900
8.29900000 1.37513500
8.30900000 1.40939600
8.31900000 1.43662100
8.32900000 1.45584700
8.33900000 1.47107500
8.34900000 1.49130600
8.35900000 1.52060200
8.36900000 1.55992300
8.37900000 1.60326200
8.38900000 1.63955200
8.39900000 1.66276800
8.40900000 1.66889100
8.41900000 1.66290400
8.42900000 1.64781300
8.43900000 1.62464200
8.44900000 1.60143200
8.45900000 1.57320300
8.46900000 1.54199200
8.47900000 1.50679800
8.48900000 1.46664200
8.49900000 1.42751700
8.50900000 1.38838200
8.51900000 1.35425700
8.52900000 1.32612600
8.53900000 1.30801500
8.54900000 1.29897300
8.55900000 1.29898800
8.56900000 1.30506000
8.57900000 1.31012600
8.58900000 1.31013900
8.59900000 1.30308700
8.60900000 1.28894700
8.61900000 1.26473400
8.62900000 1.23854800
8.63900000 1.21339200
8.64900000 1.19429400
8.65900000 1.18427800
8.66900000 1.18833000
8.67900000 1.19939100
8.68900000 1.21544100
8.69900000 1.23349600
8.70900000 1.24749300
8.71900000 1.25544600
8.72900000 1.25337700
8.73900000 1.24626300
8.74900000 1.23214600
8.75900000 1.21202600
8.76900000 1.19194200
8.77900000 1.17089100
8.78900000 1.15087400
8.79900000 1.13585600
8.80900000 1.12088200
8.81900000 1.10387400
8.82900000 1.08485200
8.83900000 1.05773400
8.84900000 1.02257500
8.85900000 0.98839300
8.86900000 0.95818700
8.87900000 0.93903700
8.88900000 0.93595000
8.89900000 0.94592900
8.90900000 0.96393700
8.91900000 0.98699100
8.92900000 1.00004800
8.93900000 1.00708300
8.94900000 1.00309500
8.95900000 0.99310400
8.96900000 0.97508900
8.97900000 0.95704700
8.98900000 0.93293500
8.99900000 0.90374800
9.00900000 0.87058800
9.01900000 0.83812100
9.02900000 0.81508200
9.03900000 0.80304100
9.04900000 0.80698600
9.05900000 0.82393200
9.06900000 0.84430900
9.07900000 0.85998400
9.08900000 0.86453000
9.09900000 0.85972600
9.10900000 0.84749900
9.11900000 0.83619400
9.12900000 0.82293400
9.13900000 0.81737600
9.14900000 0.80895700
9.15900000 0.80010800
9.16900000 0.79082900
9.17900000 0.78189700
9.18900000 0.77521200
9.19900000 0.77219600
9.20900000 0.77617500
9.21900000 0.78265400
9.22900000 0.78851800
9.23900000 0.79291400
9.24900000 0.79302200
9.25900000 0.78862100
9.26900000 0.78524700
9.27900000 0.78575400
9.28900000 0.79079800
9.29900000 0.80245900
9.30900000 0.82095600
9.31900000 0.84097500
9.32900000 0.86315900
9.33900000 0.88495400
9.34900000 0.90987600
9.35900000 0.92928100
9.36900000 0.94718200
9.37900000 0.95933700
9.38900000 0.96526600
9.39900000 0.97335500
9.40900000 0.98104700
9.41900000 0.99532700
9.42900000 1.01903500
9.43900000 1.04522800
9.44900000 1.07461600
9.45900000 1.09841200
9.46900000 1.11829100
9.47900000 1.13535300
9.48900000 1.15150400
9.49900000 1.17293500
9.50900000 1.19667200
9.51900000 1.22002000
9.52900000 1.24398100
9.53900000 1.26474900
9.54900000 1.28023900
9.55900000 1.28890900
9.56900000 1.29261900
9.57900000 1.29343200
9.58900000 1.29667200
9.59900000 1.31452300
9.60900000 1.34898500
9.61900000 1.40045700
9.62900000 1.47055400
9.63900000 1.55162700
9.64900000 1.63571000
9.65900000 1.71778000
9.66900000 1.78881500
9.67900000 1.84781900
9.68900000 1.88979100
9.69900000 1.91670700
9.70900000 1.92156400
9.71900000 1.91539200
9.72900000 1.90530100
9.73900000 1.90371600
9.74900000 1.91226500
9.75900000 1.93346500
9.76900000 1.96732000
9.77900000 2.00672900
9.78900000 2.05137500
9.79900000 2.09154500
9.80900000 2.12792700
9.81900000 2.15800800
9.82900000 2.18408900
9.83900000 2.21417400
9.84900000 2.25427300
9.85900000 2.30439000
9.86900000 2.37352700
9.87900000 2.45867900
9.88900000 2.55383400
9.89900000 2.65799000
9.90900000 2.76312800
9.91900000 2.86631900
9.92900000 2.97053500
9.93900000 3.06781000
9.94900000 3.16515000
9.95900000 3.26755000
9.96900000 3.37599000
9.97900000 3.49442000
9.98900000 3.61485000
9.99900000 3.72722000
10.00900000 3.81051000
10.01900000 3.84166000
10.02900000 3.79666000
10.03900000 3.66447000
10.04900000 3.45111000
10.05900000 3.18762000
10.06900000 2.91912000
10.07900000 2.68771000
10.08900000 2.52646000
10.09900000 2.43938000
10.10900000 2.41844000
10.11900000 2.43157000
10.12900000 2.45467000
10.13900000 2.46272000
10.14900000 2.45870000
10.15900000 2.44469000
10.16900000 2.42968000
10.17900000 2.41873000
10.18900000 2.39680000
10.19900000 2.36082000
10.20900000 2.30483000
10.21900000 2.23783000
10.22900000 2.17583000
10.23900000 2.13091000
10.24900000 2.10702000
10.25900000 2.08815000
10.26900000 2.05016000
10.27900000 1.98005000
10.28900000 1.87479000
10.29900000 1.75548000
10.30900000 1.65222000
10.31900000 1.58310000
10.32900000 1.55315000
10.33900000 1.55835000
10.34900000 1.58062000
10.35900000 1.61293000
10.36900000 1.64121000
10.37900000 1.66446000
10.38900000 1.68569000
10.39900000 1.69888000
10.40900000 1.70300000
10.41900000 1.69707000
10.42900000 1.66799000
10.43900000 1.61876000
10.44900000 1.55443000
10.45900000 1.48703000
10.46900000 1.41968000
10.47900000 1.36138000
10.48900000 1.30612900
10.49900000 1.25477500
10.50900000 1.20846600
10.51900000 1.17554600
10.52900000 1.16311000
10.53900000 1.16927000
10.54900000 1.19310000
10.55900000 1.22033000
10.56900000 1.24473000
10.57900000 1.25885000
10.58900000 1.26692000
10.59900000 1.27199000
10.60900000 1.28610000
10.61900000 1.30827000
10.62900000 1.33751000
10.63900000 1.36176000
10.64900000 1.37495000
10.65900000 1.36707000
10.66900000 1.33605000
10.67900000 1.28690000
10.68900000 1.22163000
10.69900000 1.15227000
10.70900000 1.08490000
10.71900000 1.03192000
10.72900000 0.99714000
10.73900000 0.98656000
10.74900000 0.99481000
10.75900000 1.01343000
10.76900000 1.03670000
10.77900000 1.05285000
10.78900000 1.06256000
10.79900000 1.06814000
10.80900000 1.06912000
10.81900000 1.07815000
10.82900000 1.10230000
10.83900000 1.14658000
10.84900000 1.20494000
10.85900000 1.26634000
10.86900000 1.31866000
10.87900000 1.34083000
10.88900000 1.32676000
10.89900000 1.27446000
10.90900000 1.20004000
10.91900000 1.12461000
10.92900000 1.06929000
10.93900000 1.04014000
10.94900000 1.04115000
10.95900000 1.05226000
10.96900000 1.06537000
10.97900000 1.06846000
10.98900000 1.06349000
10.99900000 1.05046000
11.00900000 1.03139000
11.01900000 1.01148000
11.02900000 0.99247000
11.03900000 0.97896000
11.04900000 0.97009000
11.05900000 0.96797000
11.06900000 0.97710000
11.07900000 0.99660000
11.08900000 1.03076000
11.09900000 1.08118000
11.10900000 1.14171000
11.11900000 1.20491000
11.12900000 1.26501000
11.13900000 1.30396000
11.14900000 1.31877000
11.15900000 1.31447000
11.16900000 1.29017000
11.17900000 1.26795000
11.18900000 1.24784400
11.19900000 1.23985600
11.20900000 1.23693400
11.21900000 1.23801200
11.22900000 1.23605400
11.23900000 1.23307000
11.24900000 1.23507800
11.25900000 1.24412400
11.26900000 1.25824200
11.27900000 1.27938400
11.28900000 1.29556600
11.29900000 1.30171400
11.30900000 1.29581800
11.31900000 1.28186000
11.32900000 1.26584000
11.33900000 1.24880000
11.34900000 1.23676000
11.35900000 1.22768000
11.36900000 1.21962000
11.37900000 1.21755000
11.38900000 1.21449000
11.39900000 1.21344000
11.40900000 1.21034000
11.41900000 1.20621000
11.42900000 1.20836000
11.43900000 1.21400600
11.44900000 1.23269600
11.45900000 1.26655800
11.46900000 1.31145800
11.47900000 1.36208400
11.48900000 1.41682200
11.49900000 1.47490000
11.50900000 1.53603200
11.51900000 1.60024000
11.52900000 1.66051600
11.53900000 1.70883400
11.54900000 1.74215200
11.55900000 1.75742800
11.56900000 1.75562800
11.57900000 1.73673000
11.58900000 1.70070800
11.59900000 1.65559800
11.60900000 1.60441000
11.61900000 1.55822600
11.62900000 1.52907600
11.63900000 1.53005200
11.64900000 1.57017400
11.65900000 1.63643000
11.66900000 1.71374000
11.67900000 1.78303000
11.68900000 1.82423000
11.69900000 1.83329000
11.70900000 1.81720000
11.71900000 1.78500000
11.72900000 1.75177800
11.73900000 1.72958400
11.74900000 1.72946400
11.75900000 1.75045200
11.76900000 1.79755600
11.77900000 1.86774000
11.78900000 1.95699400
11.79900000 2.06327000
11.80900000 2.16353000
11.81900000 2.27674000
11.82900000 2.37590000
11.83900000 2.47098000
11.84900000 2.53397000
11.85900000 2.58092000
11.86900000 2.59878600
11.87900000 2.59560200
11.88900000 2.55737800
11.89900000 2.50812800
11.90900000 2.44990000
11.91900000 2.38769600
11.92900000 2.33752000
11.93900000 2.28737000
11.94900000 2.24321000
11.95900000 2.20404000
11.96900000 2.15981200
11.97900000 2.11055600
11.98900000 2.06126800
11.99900000 2.00098000
12.00900000 1.95573400
12.01900000 1.91457000
12.02900000 1.88945800
12.03900000 1.87741600
12.04900000 1.87742600
12.05900000 1.87942600
12.06900000 1.88043600
12.07900000 1.87440800
12.08900000 1.85435400
12.09900000 1.82548400
12.10900000 1.78660200
12.11900000 1.74359600
12.12900000 1.70156200
12.13900000 1.65418800
12.14900000 1.60236600
12.15900000 1.54491700
12.16900000 1.47837000
12.17900000 1.41254300
12.18900000 1.35099500
12.19900000 1.30101900
12.20900000 1.26649700
12.21900000 1.24070500
12.22900000 1.21891100
12.23900000 1.20158800
12.24900000 1.18132800
12.25900000 1.15833500
12.26900000 1.13082500
12.27900000 1.09821000
12.28900000 1.06650200
12.29900000 1.02900500
12.30900000 0.99152000
12.31900000 0.95214500
12.32900000 0.91687700
12.33900000 0.88192700
12.34900000 0.84939700
12.35900000 0.82249100
12.36900000 0.80231000
12.37900000 0.78354900
12.38900000 0.76830100
12.39900000 0.75605400
12.40900000 0.74579600
12.41900000 0.73422500
12.42900000 0.72323200
12.43900000 0.70792200
12.44900000 0.69540100
12.45900000 0.68497700
12.46900000 0.68176500
12.47900000 0.68696700
12.48900000 0.69748400
12.49900000 0.71431300
12.50900000 0.72624200
12.51900000 0.73206400
12.52900000 0.73367100
12.53900000 0.73096200
12.54900000 0.72493300
12.55900000 0.71848700
12.56900000 0.70652200
12.57900000 0.69194200
12.58900000 0.67025400
12.59900000 0.64176200
12.60900000 0.61017300
12.61900000 0.57408900
12.62900000 0.53971100
12.63900000 0.50783900
12.64900000 0.47867700
12.65900000 0.45392600
12.66900000 0.43448800
12.67900000 0.41866400
12.68900000 0.40625300
12.69900000 0.39935200
12.70900000 0.39575500
12.71900000 0.39285700
12.72900000 0.38825200
12.73900000 0.38043600
12.74900000 0.36860900
12.75900000 0.35237000
12.76900000 0.33412540
12.77900000 0.31588120
12.78900000 0.30024100
12.79900000 0.28871100
12.80900000 0.28139320
12.81900000 0.27708480
12.82900000 0.27408260
12.83900000 0.27138000
12.84900000 0.26807540
12.85900000 0.26476860
12.86900000 0.26256500
12.87900000 0.26096220
12.88900000 0.25915880
12.89900000 0.25555100
12.90900000 0.24963780
12.91900000 0.24131960
12.92900000 0.23229940
12.93900000 0.22398080
12.94900000 0.21846660
12.95900000 0.21615680
12.96900000 0.21764880
12.97900000 0.22234400
12.98900000 0.22903840
12.99900000 0.23683160
13.00900000 0.24552580
13.01900000 0.25461860
13.02900000 0.26511400
13.03900000 0.27701140
13.04900000 0.28930900
13.05900000 0.30037900
13.06900000 0.30866620
13.07900000 0.31155860
13.08900000 0.30816780
13.09900000 0.29854120
13.10900000 0.28423060
13.11900000 0.26785700
13.12900000 0.25185460
13.13900000 0.23801420
13.14900000 0.22681860
13.15900000 0.21742500
13.16900000 0.20820200
13.17900000 0.19841640
13.18900000 0.18745680
13.19900000 0.17623340
13.20900000 0.16555060
13.21900000 0.15636760
13.22900000 0.14882680
13.23900000 0.14307910
13.24900000 0.13838210
13.25900000 0.13372610
13.26900000 0.12865840
13.27900000 0.12267950
13.28900000 0.11503970
13.29900000 0.10590850
13.30900000 0.09530680
13.31900000 0.08378460
13.32900000 0.07165230
13.33900000 0.05998040
13.34900000 0.04868980
13.35900000 0.03852140
13.36900000 0.02960538
13.37900000 0.02206734
13.38900000 0.01587830
13.39900000 0.01101282
13.40900000 0.00733452
13.41900000 0.00466089
13.42900000 0.00281519
13.43900000 0.00160187
13.44900000 0.00085705
13.45900000 0.00042823
13.46900000 0.00019843
13.47900000 0.00008491
13.48900000 0.00003356
13.49900000 0.00001217
13.50900000 0.00000405
13.51900000 0.00000124
13.52900000 0.00000035
13.53900000 0.00000009
13.54900000 0.00000002
13.55900000 0.00000000
