756.666667	0.0137
763.333333	0.0169
770	0.018
776.666667	0.022
783.333333	0.0273
790	0.0258
796.666667	0.032
803.333333	0.04
810	0.0441
816.666667	0.0517
823.333333	0.0656
830	0.0707
836.666667	0.0941
843.333333	0.1124
850	0.1344
856.666667	0.1405
863.333333	0.171
870	0.1993
876.666667	0.2328
883.333333	0.2833
890	0.3194
896.666667	0.3497
903.333333	0.442
910	0.4749
916.666667	0.549
923.333333	0.6339
930	0.7217
936.666667	0.937
943.333333	0.9934
950	1.1348
956.666667	1.3164
963.333333	1.4459
970	1.6544
976.666667	1.8171
983.333333	1.9869
990	2.2706
996.666667	2.6165
1003.333333	2.9532
1010	3.2597
1016.666667	3.7288
1023.333333	4.2002
1030	4.6782
1036.666667	4.9953
1043.333333	5.5529
1050	6.2173
1056.666667	6.87
1063.333333	7.6444
1070	8.4935
1076.666667	9.435
1083.333333	10.5801
1090	11.824
1096.666667	12.9955
1103.333333	14.1815
1110	15.577
1116.666667	17.8039
1123.333333	20.2338
1130	21.0502
1136.666667	23.5049
1143.333333	26.0519
1150	29.2617
1156.666667	33.5119
1163.333333	34.5357
1170	38.2675
1163.333333	35.1886
1156.666667	31.6736
1150	28.7669