-1.900000000000005684e+00 0.000000000000000000e+00
-1.890000000000000568e+00 2.000000000000000000e+00
-1.879999999999995453e+00 2.000000000000000000e+00
-1.870000000000004547e+00 1.000000000000000000e+00
-1.859999999999999432e+00 0.000000000000000000e+00
-1.849999999999994316e+00 0.000000000000000000e+00
-1.840000000000003411e+00 0.000000000000000000e+00
-1.829999999999998295e+00 0.000000000000000000e+00
-1.819999999999993179e+00 1.000000000000000000e+00
-1.810000000000002274e+00 2.000000000000000000e+00
-1.799999999999997158e+00 1.000000000000000000e+00
-1.790000000000006253e+00 1.000000000000000000e+00
-1.780000000000001137e+00 1.000000000000000000e+00
-1.769999999999996021e+00 0.000000000000000000e+00
-1.760000000000005116e+00 1.000000000000000000e+00
-1.750000000000000000e+00 1.000000000000000000e+00
-1.739999999999994884e+00 0.000000000000000000e+00
-1.730000000000003979e+00 2.000000000000000000e+00
-1.719999999999998863e+00 1.000000000000000000e+00
-1.709999999999993747e+00 2.000000000000000000e+00
-1.700000000000002842e+00 2.000000000000000000e+00
-1.689999999999997726e+00 1.000000000000000000e+00
-1.680000000000006821e+00 1.000000000000000000e+00
-1.670000000000001705e+00 1.000000000000000000e+00
-1.659999999999996589e+00 1.000000000000000000e+00
-1.650000000000005684e+00 7.000000000000000000e+00
-1.640000000000000568e+00 2.000000000000000000e+00
-1.629999999999995453e+00 0.000000000000000000e+00
-1.620000000000004547e+00 4.000000000000000000e+00
-1.609999999999999432e+00 1.000000000000000000e+00
-1.599999999999994316e+00 5.000000000000000000e+00
-1.590000000000003411e+00 2.000000000000000000e+00
-1.579999999999998295e+00 4.000000000000000000e+00
-1.569999999999993179e+00 2.000000000000000000e+00
-1.560000000000002274e+00 6.000000000000000000e+00
-1.549999999999997158e+00 6.000000000000000000e+00
-1.540000000000006253e+00 5.000000000000000000e+00
-1.530000000000001137e+00 3.000000000000000000e+00
-1.519999999999996021e+00 5.000000000000000000e+00
-1.510000000000005116e+00 4.000000000000000000e+00
-1.500000000000000000e+00 7.000000000000000000e+00
-1.489999999999994884e+00 4.000000000000000000e+00
-1.480000000000003979e+00 4.000000000000000000e+00
-1.469999999999998863e+00 4.000000000000000000e+00
-1.459999999999993747e+00 3.000000000000000000e+00
-1.450000000000002842e+00 4.000000000000000000e+00
-1.439999999999997726e+00 1.000000000000000000e+00
-1.430000000000006821e+00 2.000000000000000000e+00
-1.420000000000001705e+00 1.500000000000000000e+01
-1.409999999999996589e+00 1.200000000000000000e+01
-1.400000000000005684e+00 8.000000000000000000e+00
-1.390000000000000568e+00 6.000000000000000000e+00
-1.379999999999995453e+00 1.300000000000000000e+01
-1.370000000000004547e+00 9.000000000000000000e+00
-1.359999999999999432e+00 5.000000000000000000e+00
-1.349999999999994316e+00 9.000000000000000000e+00
-1.340000000000003411e+00 4.000000000000000000e+00
-1.329999999999998295e+00 8.000000000000000000e+00
-1.319999999999993179e+00 9.000000000000000000e+00
-1.310000000000002274e+00 8.000000000000000000e+00
-1.299999999999997158e+00 1.400000000000000000e+01
-1.290000000000006253e+00 1.300000000000000000e+01
-1.280000000000001137e+00 9.000000000000000000e+00
-1.269999999999996021e+00 1.600000000000000000e+01
-1.260000000000005116e+00 1.400000000000000000e+01
-1.250000000000000000e+00 1.000000000000000000e+01
-1.239999999999994884e+00 1.400000000000000000e+01
-1.230000000000003979e+00 1.300000000000000000e+01
-1.219999999999998863e+00 1.600000000000000000e+01
-1.209999999999993747e+00 1.000000000000000000e+01
-1.200000000000002842e+00 1.600000000000000000e+01
-1.189999999999997726e+00 1.800000000000000000e+01
-1.180000000000006821e+00 1.500000000000000000e+01
-1.170000000000001705e+00 1.400000000000000000e+01
-1.159999999999996589e+00 2.300000000000000000e+01
-1.150000000000005684e+00 1.500000000000000000e+01
-1.140000000000000568e+00 2.200000000000000000e+01
-1.129999999999995453e+00 2.300000000000000000e+01
-1.120000000000004547e+00 2.600000000000000000e+01
-1.109999999999999432e+00 1.700000000000000000e+01
-1.099999999999994316e+00 1.900000000000000000e+01
-1.090000000000003411e+00 3.000000000000000000e+01
-1.079999999999998295e+00 2.500000000000000000e+01
-1.069999999999993179e+00 2.400000000000000000e+01
-1.060000000000002274e+00 2.800000000000000000e+01
-1.049999999999997158e+00 2.900000000000000000e+01
-1.040000000000006253e+00 2.700000000000000000e+01
-1.030000000000001137e+00 3.100000000000000000e+01
-1.019999999999996021e+00 2.900000000000000000e+01
-1.010000000000005116e+00 3.100000000000000000e+01
-1.000000000000000000e+00 2.700000000000000000e+01
-9.899999999999948841e-01 4.000000000000000000e+01
-9.800000000000039790e-01 4.800000000000000000e+01
-9.699999999999988631e-01 4.100000000000000000e+01
-9.599999999999937472e-01 3.400000000000000000e+01
-9.500000000000028422e-01 3.400000000000000000e+01
-9.399999999999977263e-01 4.300000000000000000e+01
-9.300000000000068212e-01 4.200000000000000000e+01
-9.200000000000017053e-01 4.600000000000000000e+01
-9.099999999999965894e-01 5.300000000000000000e+01
-9.000000000000056843e-01 6.000000000000000000e+01
-8.900000000000005684e-01 5.800000000000000000e+01
-8.799999999999954525e-01 4.900000000000000000e+01
-8.700000000000045475e-01 4.900000000000000000e+01
-8.599999999999994316e-01 6.200000000000000000e+01
-8.499999999999943157e-01 5.200000000000000000e+01
-8.400000000000034106e-01 6.600000000000000000e+01
-8.299999999999982947e-01 7.800000000000000000e+01
-8.199999999999931788e-01 7.100000000000000000e+01
-8.100000000000022737e-01 6.500000000000000000e+01
-7.999999999999971578e-01 6.600000000000000000e+01
-7.900000000000062528e-01 7.900000000000000000e+01
-7.800000000000011369e-01 7.400000000000000000e+01
-7.699999999999960210e-01 8.200000000000000000e+01
-7.600000000000051159e-01 6.800000000000000000e+01
-7.500000000000000000e-01 8.400000000000000000e+01
-7.399999999999948841e-01 1.090000000000000000e+02
-7.300000000000039790e-01 9.200000000000000000e+01
-7.199999999999988631e-01 1.080000000000000000e+02
-7.099999999999937472e-01 1.230000000000000000e+02
-7.000000000000028422e-01 8.900000000000000000e+01
-6.899999999999977263e-01 1.270000000000000000e+02
-6.800000000000068212e-01 1.120000000000000000e+02
-6.700000000000017053e-01 1.270000000000000000e+02
-6.599999999999965894e-01 1.060000000000000000e+02
-6.500000000000056843e-01 1.480000000000000000e+02
-6.400000000000005684e-01 1.530000000000000000e+02
-6.299999999999954525e-01 1.270000000000000000e+02
-6.200000000000045475e-01 1.690000000000000000e+02
-6.099999999999994316e-01 1.650000000000000000e+02
-5.999999999999943157e-01 1.460000000000000000e+02
-5.900000000000034106e-01 1.990000000000000000e+02
-5.799999999999982947e-01 1.760000000000000000e+02
-5.699999999999931788e-01 1.900000000000000000e+02
-5.600000000000022737e-01 1.820000000000000000e+02
-5.499999999999971578e-01 1.880000000000000000e+02
-5.400000000000062528e-01 2.090000000000000000e+02
-5.300000000000011369e-01 2.140000000000000000e+02
-5.199999999999960210e-01 2.480000000000000000e+02
-5.100000000000051159e-01 2.440000000000000000e+02
-5.000000000000000000e-01 2.430000000000000000e+02
-4.899999999999948841e-01 2.630000000000000000e+02
-4.800000000000039790e-01 2.790000000000000000e+02
-4.699999999999988631e-01 2.880000000000000000e+02
-4.599999999999937472e-01 3.170000000000000000e+02
-4.500000000000028422e-01 3.160000000000000000e+02
-4.399999999999977263e-01 3.180000000000000000e+02
-4.300000000000068212e-01 3.160000000000000000e+02
-4.200000000000017053e-01 3.600000000000000000e+02
-4.099999999999965894e-01 3.660000000000000000e+02
-4.000000000000056843e-01 3.840000000000000000e+02
-3.900000000000005684e-01 4.260000000000000000e+02
-3.799999999999954525e-01 4.560000000000000000e+02
-3.700000000000045475e-01 4.260000000000000000e+02
-3.599999999999994316e-01 4.770000000000000000e+02
-3.499999999999943157e-01 5.150000000000000000e+02
-3.400000000000034106e-01 5.070000000000000000e+02
-3.299999999999982947e-01 4.960000000000000000e+02
-3.199999999999931788e-01 5.340000000000000000e+02
-3.100000000000022737e-01 6.310000000000000000e+02
-2.999999999999971578e-01 6.150000000000000000e+02
-2.900000000000062528e-01 6.490000000000000000e+02
-2.800000000000011369e-01 6.730000000000000000e+02
-2.699999999999960210e-01 7.000000000000000000e+02
-2.600000000000051159e-01 7.210000000000000000e+02
-2.500000000000000000e-01 7.360000000000000000e+02
-2.399999999999948841e-01 7.730000000000000000e+02
-2.300000000000039790e-01 8.270000000000000000e+02
-2.199999999999988631e-01 8.720000000000000000e+02
-2.099999999999937472e-01 8.810000000000000000e+02
-2.000000000000028422e-01 9.310000000000000000e+02
-1.899999999999977263e-01 9.770000000000000000e+02
-1.800000000000068212e-01 1.025000000000000000e+03
-1.700000000000017053e-01 9.680000000000000000e+02
-1.599999999999965894e-01 1.072000000000000000e+03
-1.500000000000056843e-01 1.106000000000000000e+03
-1.400000000000005684e-01 1.131000000000000000e+03
-1.299999999999954525e-01 1.156000000000000000e+03
-1.200000000000045475e-01 1.162000000000000000e+03
-1.099999999999994316e-01 1.135000000000000000e+03
-9.999999999999431566e-02 1.144000000000000000e+03
-9.000000000000341061e-02 1.111000000000000000e+03
-7.999999999999829470e-02 1.041000000000000000e+03
-6.999999999999317879e-02 9.800000000000000000e+02
-6.000000000000227374e-02 9.420000000000000000e+02
-4.999999999999715783e-02 8.410000000000000000e+02
-4.000000000000625278e-02 7.220000000000000000e+02
-3.000000000000113687e-02 5.800000000000000000e+02
-1.999999999999602096e-02 5.060000000000000000e+02
-1.000000000000511591e-02 4.250000000000000000e+02
0.000000000000000000e+00 2.950000000000000000e+02
1.000000000000511591e-02 2.570000000000000000e+02
1.999999999999602096e-02 1.860000000000000000e+02
3.000000000000113687e-02 1.350000000000000000e+02
4.000000000000625278e-02 9.200000000000000000e+01
4.999999999999715783e-02 7.900000000000000000e+01
6.000000000000227374e-02 5.100000000000000000e+01
6.999999999999317879e-02 4.100000000000000000e+01
7.999999999999829470e-02 3.500000000000000000e+01
9.000000000000341061e-02 2.100000000000000000e+01
9.999999999999431566e-02 1.600000000000000000e+01
1.099999999999994316e-01 1.000000000000000000e+01
1.200000000000045475e-01 8.000000000000000000e+00
1.299999999999954525e-01 3.000000000000000000e+00
1.400000000000005684e-01 6.000000000000000000e+00
1.500000000000056843e-01 4.000000000000000000e+00
1.599999999999965894e-01 4.000000000000000000e+00
1.700000000000017053e-01 3.000000000000000000e+00
1.800000000000068212e-01 3.000000000000000000e+00
1.899999999999977263e-01 4.000000000000000000e+00
2.000000000000028422e-01 1.000000000000000000e+00
2.099999999999937472e-01 1.000000000000000000e+00
2.199999999999988631e-01 0.000000000000000000e+00
2.300000000000039790e-01 0.000000000000000000e+00
2.399999999999948841e-01 1.000000000000000000e+00
2.500000000000000000e-01 0.000000000000000000e+00
